# k[1/Mpc]  Delta2_R(k) [LCDM, external_Pk for CLASS]
9.999999999999999e-06 2.833086923533528e-09
1.011589167599993e-05 2.831941339500750e-09
1.023312644005646e-05 2.830796218695120e-09
1.035171985744221e-05 2.829651560929329e-09
1.047168767381828e-05 2.828507366016140e-09
1.059304581732494e-05 2.827363633768399e-09
1.071581040069631e-05 2.826220363999018e-09
1.083999772339973e-05 2.825077556520994e-09
1.096562427379974e-05 2.823935211147392e-09
1.109270673134738e-05 2.822793327691358e-09
1.122126196879453e-05 2.821651905966111e-09
1.135130705443431e-05 2.820510945784946e-09
1.148285925436713e-05 2.819370446961233e-09
1.161593603479312e-05 2.818230409308419e-09
1.175055506433112e-05 2.817090832640024e-09
1.188673421636462e-05 2.815951716769646e-09
1.202449157141464e-05 2.814813061510957e-09
1.216384541954046e-05 2.813674866677705e-09
1.230481426276792e-05 2.812537132083712e-09
1.244741681754592e-05 2.811399857542876e-09
1.259167201723142e-05 2.810263042869171e-09
1.273759901460328e-05 2.809126687876645e-09
1.288521718440502e-05 2.807990792379423e-09
1.303454612591739e-05 2.806855356191703e-09
1.318560566556048e-05 2.805720379127758e-09
1.333841585952607e-05 2.804585861001940e-09
1.349299699644052e-05 2.803451801628672e-09
1.364936960005849e-05 2.802318200822452e-09
1.380755443198782e-05 2.801185058397856e-09
1.396757249444614e-05 2.800052374169532e-09
1.412944503304932e-05 2.798920147952206e-09
1.429319353963222e-05 2.797788379560675e-09
1.445883975510214e-05 2.796657068809814e-09
1.462640567232549e-05 2.795526215514572e-09
1.479591353904755e-05 2.794395819489974e-09
1.496738586084657e-05 2.793265880551117e-09
1.514084540412168e-05 2.792136398513173e-09
1.531631519911563e-05 2.791007373191393e-09
1.549381854297249e-05 2.789878804401098e-09
1.567337900283090e-05 2.788750691957685e-09
1.585502041895291e-05 2.787623035676628e-09
1.603876690788946e-05 2.786495835373472e-09
1.622464286568221e-05 2.785369090863839e-09
1.641267297110262e-05 2.784242801963424e-09
1.660288218892860e-05 2.783116968487998e-09
1.679529577325906e-05 2.781991590253405e-09
1.698993927086681e-05 2.780866667075566e-09
1.718683852459058e-05 2.779742198770474e-09
1.738601967676606e-05 2.778618185154196e-09
1.758750917269688e-05 2.777494626042876e-09
1.779133376416567e-05 2.776371521252730e-09
1.799752051298603e-05 2.775248870600048e-09
1.820609679459533e-05 2.774126673901199e-09
1.841709030168958e-05 2.773004930972620e-09
1.863052904790006e-05 2.771883641630825e-09
1.884644137151270e-05 2.770762805692403e-09
1.906485593923063e-05 2.769642422974015e-09
1.928580174998009e-05 2.768522493292400e-09
1.950930813876084e-05 2.767403016464366e-09
1.973540478054084e-05 2.766283992306798e-09
1.996412169419622e-05 2.765165420636656e-09
2.019548924649691e-05 2.764047301270971e-09
2.042953815613845e-05 2.762929634026851e-09
2.066629949782038e-05 2.761812418721476e-09
2.090580470637226e-05 2.760695655172101e-09
2.114808558092713e-05 2.759579343196053e-09
2.139317428914348e-05 2.758463482610736e-09
2.164110337147621e-05 2.757348073233626e-09
2.189190574549706e-05 2.756233114882271e-09
2.214561471026487e-05 2.755118607374296e-09
2.240226395074698e-05 2.754004550527399e-09
2.266188754229146e-05 2.752890944159351e-09
2.292451995515126e-05 2.751777788087996e-09
2.319019605906089e-05 2.750665082131253e-09
2.345895112786608e-05 2.749552826107114e-09
2.373082084420695e-05 2.748441019833646e-09
2.400584130425586e-05 2.747329663128986e-09
2.428404902250971e-05 2.746218755811348e-09
2.456548093663801e-05 2.745108297699019e-09
2.485017441238713e-05 2.743998288610357e-09
2.513816724854138e-05 2.742888728363797e-09
2.542949768194137e-05 2.741779616777846e-09
2.572420439256102e-05 2.740670953671082e-09
2.602232650864287e-05 2.739562738862160e-09
2.632390361189326e-05 2.738454972169806e-09
2.662897574273754e-05 2.737347653412821e-09
2.693758340563632e-05 2.736240782410077e-09
2.724976757446301e-05 2.735134358980522e-09
2.756556969794431e-05 2.734028382943175e-09
2.788503170516306e-05 2.732922854117129e-09
2.820819601112530e-05 2.731817772321549e-09
2.853510552239168e-05 2.730713137375677e-09
2.886580364277421e-05 2.729608949098823e-09
2.920033427909879e-05 2.728505207310373e-09
2.953874184703508e-05 2.727401911829785e-09
2.988107127699328e-05 2.726299062476592e-09
3.022736802008968e-05 2.725196659070397e-09
3.057767805418116e-05 2.724094701430878e-09
3.093204788996974e-05 2.722993189377784e-09
3.129052457717760e-05 2.721892122730940e-09
3.165315571079419e-05 2.720791501310241e-09
3.201998943739525e-05 2.719691324935655e-09
3.239107446153521e-05 2.718591593427225e-09
3.276646005221385e-05 2.717492306605065e-09
3.314619604941742e-05 2.716393464289363e-09
3.353033287073633e-05 2.715295066300376e-09
3.391892151805883e-05 2.714197112458440e-09
3.431201358434261e-05 2.713099602583958e-09
3.470966126046478e-05 2.712002536497408e-09
3.511191734215127e-05 2.710905914019341e-09
3.551883523698662e-05 2.709809734970380e-09
3.593046897150458e-05 2.708713999171220e-09
3.634687319836168e-05 2.707618706442629e-09
3.676810320359317e-05 2.706523856605448e-09
3.719421491395344e-05 2.705429449480589e-09
3.762526490434146e-05 2.704335484889038e-09
3.806131040531200e-05 2.703241962651853e-09
3.850240931067450e-05 2.702148882590163e-09
3.894862018517942e-05 2.701056244525171e-09
3.940000227229391e-05 2.699964048278152e-09
3.985661550206762e-05 2.698872293670452e-09
4.031852049908954e-05 2.697780980523491e-09
4.078577859053731e-05 2.696690108658761e-09
4.125845181431924e-05 2.695599677897823e-09
4.173660292731160e-05 2.694509688062316e-09
4.222029541369055e-05 2.693420138973946e-09
4.270959349336101e-05 2.692331030454493e-09
4.320456213048322e-05 2.691242362325810e-09
4.370526704209767e-05 2.690154134409820e-09
4.421177470685098e-05 2.689066346528519e-09
4.472415237382179e-05 2.687978998503976e-09
4.524246807144961e-05 2.686892090158330e-09
4.576679061656695e-05 2.685805621313794e-09
4.629718962353621e-05 2.684719591792651e-09
4.683373551349201e-05 2.683634001417257e-09
4.737649952369159e-05 2.682548850010039e-09
4.792555371697262e-05 2.681464137393497e-09
4.848097099132106e-05 2.680379863390201e-09
4.904282508954996e-05 2.679296027822795e-09
4.961119060908988e-05 2.678212630513993e-09
5.018614301189379e-05 2.677129671286581e-09
5.076775863445583e-05 2.676047149963418e-09
5.135611469794651e-05 2.674965066367431e-09
5.195128931846545e-05 2.673883420321624e-09
5.255336151741285e-05 2.672802211649068e-09
5.316241123198126e-05 2.671721440172907e-09
5.377851932576842e-05 2.670641105716358e-09
5.440176759951418e-05 2.669561208102707e-09
5.503223880196080e-05 2.668481747155314e-09
5.567001664083954e-05 2.667402722697608e-09
5.631518579398472e-05 2.666324134553091e-09
5.696783192057592e-05 2.665245982545335e-09
5.762804167251168e-05 2.664168266497985e-09
5.829590270591378e-05 2.663090986234757e-09
5.897150369276548e-05 2.662014141579437e-09
5.965493433268451e-05 2.660937732355882e-09
6.034628536483255e-05 2.659861758388024e-09
6.104564857996270e-05 2.658786219499861e-09
6.175311683260613e-05 2.657711115515466e-09
6.246878405340113e-05 2.656636446258981e-09
6.319274526156374e-05 2.655562211554621e-09
6.392509657750363e-05 2.654488411226669e-09
6.466593523558616e-05 2.653415045099483e-09
6.541535959704163e-05 2.652342112997489e-09
6.617346916302553e-05 2.651269614745185e-09
6.694036458782878e-05 2.650197550167141e-09
6.771614769224174e-05 2.649125919087997e-09
6.850092147707298e-05 2.648054721332462e-09
6.929479013682471e-05 2.646983956725318e-09
7.009785907352682e-05 2.645913625091419e-09
7.091023491073058e-05 2.644843726255688e-09
7.173202550766588e-05 2.643774260043119e-09
7.256333997356116e-05 2.642705226278776e-09
7.340428868213000e-05 2.641636624787796e-09
7.425498328622561e-05 2.640568455395385e-09
7.511553673266431e-05 2.639500717926821e-09
7.598606327722256e-05 2.638433412207450e-09
7.686667849980593e-05 2.637366538062691e-09
7.775749931979492e-05 2.636300095318033e-09
7.865864401156834e-05 2.635234083799036e-09
7.957023222020673e-05 2.634168503331330e-09
8.049238497737702e-05 2.633103353740614e-09
8.142522471740297e-05 2.632038634852662e-09
8.236887529352002e-05 2.630974346493312e-09
8.332346199431950e-05 2.629910488488479e-09
8.428911156038328e-05 2.628847060664143e-09
8.526595220111120e-05 2.627784062846358e-09
8.625411361174285e-05 2.626721494861246e-09
8.725372699057813e-05 2.625659356535002e-09
8.826492505639594e-05 2.624597647693888e-09
8.928784206607529e-05 2.623536368164238e-09
9.032261383242070e-05 2.622475517772457e-09
9.136937774219423e-05 2.621415096345018e-09
9.242827277435554e-05 2.620355103708467e-09
9.349943951851538e-05 2.619295539689418e-09
9.458302019360082e-05 2.618236404114554e-09
9.567915866673794e-05 2.617177696810632e-09
9.678800047235324e-05 2.616119417604476e-09
9.790969283149550e-05 2.615061566322981e-09
9.904438467138350e-05 2.614004142793112e-09
1.001922266451783e-04 2.612947146841902e-09
1.013533711519857e-04 2.611890578296458e-09
1.025279723570903e-04 2.610834436983954e-09
1.037161862124242e-04 2.609778722731634e-09
1.049181704772721e-04 2.608723435366813e-09
1.061340847392178e-04 2.607668574716875e-09
1.073640904353324e-04 2.606614140609274e-09
1.086083508736082e-04 2.605560132871535e-09
1.098670312546413e-04 2.604506551331249e-09
1.111402986935650e-04 2.603453395816080e-09
1.124283222422381e-04 2.602400666153762e-09
1.137312729116894e-04 2.601348362172098e-09
1.150493236948234e-04 2.600296483698959e-09
1.163826495893886e-04 2.599245030562287e-09
1.177314276212112e-04 2.598194002590093e-09
1.190958368676999e-04 2.597143399610460e-09
1.204760584816212e-04 2.596093221451535e-09
1.218722757151512e-04 2.595043467941542e-09
1.232846739442066e-04 2.593994138908767e-09
1.247134406930564e-04 2.592945234181571e-09
1.261587656592201e-04 2.591896753588381e-09
1.276208407386530e-04 2.590848696957694e-09
1.290998600512254e-04 2.589801064118079e-09
1.305960199664946e-04 2.588753854898171e-09
1.321095191297783e-04 2.587707069126677e-09
1.336405584885277e-04 2.586660706632369e-09
1.351893413190080e-04 2.585614767244094e-09
1.367560732532866e-04 2.584569250790764e-09
1.383409623065359e-04 2.583524157101361e-09
1.399442189046506e-04 2.582479486004938e-09
1.415660559121867e-04 2.581435237330614e-09
1.432066886606229e-04 2.580391410907580e-09
1.448663349769510e-04 2.579348006565095e-09
1.465452152125955e-04 2.578305024132487e-09
1.482435522726714e-04 2.577262463439152e-09
1.499615716455777e-04 2.576220324314556e-09
1.516995014329366e-04 2.575178606588236e-09
1.534575723798782e-04 2.574137310089794e-09
1.552360179056768e-04 2.573096434648902e-09
1.570350741347411e-04 2.572055980095304e-09
1.588549799279660e-04 2.571015946258809e-09
1.606959769144447e-04 2.569976332969295e-09
1.625583095235507e-04 2.568937140056712e-09
1.644422250173906e-04 2.567898367351078e-09
1.663479735236330e-04 2.566860014682475e-09
1.682758080687177e-04 2.565822081881060e-09
1.702259846114502e-04 2.564784568777055e-09
1.721987620769861e-04 2.563747475200751e-09
1.741944023912075e-04 2.562710800982510e-09
1.762131705154998e-04 2.561674545952760e-09
1.782553344819302e-04 2.560638709941997e-09
1.803211654288341e-04 2.559603292780788e-09
1.824109376368149e-04 2.558568294299768e-09
1.845249285651598e-04 2.557533714329639e-09
1.866634188886780e-04 2.556499552701173e-09
1.888266925349665e-04 2.555465809245210e-09
1.910150367221067e-04 2.554432483792658e-09
1.932287419967982e-04 2.553399576174492e-09
1.954681022729348e-04 2.552367086221760e-09
1.977334148706283e-04 2.551335013765573e-09
2.000249805556829e-04 2.550303358637113e-09
2.023431035795279e-04 2.549272120667629e-09
2.046880917196140e-04 2.548241299688441e-09
2.070602563202754e-04 2.547210895530934e-09
2.094599123340685e-04 2.546180908026562e-09
2.118873783635878e-04 2.545151337006849e-09
2.143429767037664e-04 2.544122182303385e-09
2.168270333846677e-04 2.543093443747829e-09
2.193398782147720e-04 2.542065121171906e-09
2.218818448247652e-04 2.541037214407413e-09
2.244532707118349e-04 2.540009723286213e-09
2.270544972844809e-04 2.538982647640236e-09
2.296858699078428e-04 2.537955987301482e-09
2.323477379495551e-04 2.536929742102016e-09
2.350404548261317e-04 2.535903911873974e-09
2.377643780498904e-04 2.534878496449558e-09
2.405198692764186e-04 2.533853495661039e-09
2.433072943525913e-04 2.532828909340756e-09
2.461270233651442e-04 2.531804737321113e-09
2.489794306898105e-04 2.530780979434585e-09
2.518648950410254e-04 2.529757635513714e-09
2.547837995222106e-04 2.528734705391108e-09
2.577365316766364e-04 2.527712188899445e-09
2.607234835388778e-04 2.526690085871470e-09
2.637450516868637e-04 2.525668396139995e-09
2.668016372945318e-04 2.524647119537899e-09
2.698936461850905e-04 2.523626255898129e-09
2.730214888849029e-04 2.522605805053702e-09
2.761855806779896e-04 2.521585766837699e-09
2.793863416611681e-04 2.520566141083271e-09
2.826241967998281e-04 2.519546927623635e-09
2.858995759843549e-04 2.518528126292075e-09
2.892129140872044e-04 2.517509736921945e-09
2.925646510206436e-04 2.516491759346663e-09
2.959552317951551e-04 2.515474193399718e-09
2.993851065785238e-04 2.514457038914663e-09
3.028547307556039e-04 2.513440295725119e-09
3.063645649887816e-04 2.512423963664777e-09
3.099150752791358e-04 2.511408042567393e-09
3.135067330283099e-04 2.510392532266789e-09
3.171400151011011e-04 2.509377432596856e-09
3.208154038887720e-04 2.508362743391553e-09
3.245333873730983e-04 2.507348464484903e-09
3.282944591911588e-04 2.506334595711000e-09
3.320991187008744e-04 2.505321136904002e-09
3.359478710473086e-04 2.504308087898137e-09
3.398412272297366e-04 2.503295448527695e-09
3.437797041694892e-04 2.502283218627039e-09
3.477638247785852e-04 2.501271398030595e-09
3.517941180291590e-04 2.500259986572858e-09
3.558711190236909e-04 2.499248984088389e-09
3.599953690660534e-04 2.498238390411814e-09
3.641674157333810e-04 2.497228205377831e-09
3.683878129487714e-04 2.496218428821199e-09
3.726571210548294e-04 2.495209060576749e-09
3.769759068880649e-04 2.494200100479374e-09
3.813447438541502e-04 2.493191548364038e-09
3.857642120040523e-04 2.492183404065768e-09
3.902348981110463e-04 2.491175667419661e-09
3.947573957486212e-04 2.490168338260879e-09
3.993323053692890e-04 2.489161416424649e-09
4.039602343843051e-04 2.488154901746270e-09
4.086417972443175e-04 2.487148794061101e-09
4.133776155209441e-04 2.486143093204572e-09
4.181683179893016e-04 2.485137799012178e-09
4.230145407114866e-04 2.484132911319481e-09
4.279169271210264e-04 2.483128429962108e-09
4.328761281083057e-04 2.482124354775755e-09
4.378928021069892e-04 2.481120685596183e-09
4.429676151814374e-04 2.480117422259219e-09
4.481012411151441e-04 2.479114564600757e-09
4.532943615001922e-04 2.478112112456757e-09
4.585476658277500e-04 2.477110065663247e-09
4.638618515796132e-04 2.476108424056318e-09
4.692376243208127e-04 2.475107187472131e-09
4.746756977932889e-04 2.474106355746909e-09
4.801767940106588e-04 2.473105928716946e-09
4.857416433540755e-04 2.472105906218599e-09
4.913709846692022e-04 2.471106288088292e-09
4.970655653643069e-04 2.470107074162515e-09
5.028261415094994e-04 2.469108264277825e-09
5.086534779371106e-04 2.468109858270844e-09
5.145483483432429e-04 2.467111855978260e-09
5.205115353904921e-04 2.466114257236828e-09
5.265438308118625e-04 2.465117061883367e-09
5.326460355158833e-04 2.464120269754766e-09
5.388189596929491e-04 2.463123880687976e-09
5.450634229228842e-04 2.462127894520015e-09
5.513802542837632e-04 2.461132311087968e-09
5.577702924619843e-04 2.460137130228985e-09
5.642343858636237e-04 2.459142351780282e-09
5.707733927270767e-04 2.458147975579141e-09
5.773881812370070e-04 2.457154001462908e-09
5.840796296396176e-04 2.456160429268999e-09
5.908486263592528e-04 2.455167258834891e-09
5.976960701163555e-04 2.454174489998130e-09
6.046228700467915e-04 2.453182122596325e-09
6.116299458225529e-04 2.452190156467154e-09
6.187182277738649e-04 2.451198591448359e-09
6.258886570127065e-04 2.450207427377746e-09
6.331421855577611e-04 2.449216664093188e-09
6.404797764608156e-04 2.448226301432624e-09
6.479024039346264e-04 2.447236339234059e-09
6.554110534822635e-04 2.446246777335562e-09
6.630067220279572e-04 2.445257615575267e-09
6.706904180494609e-04 2.444268853791376e-09
6.784631617119452e-04 2.443280491822155e-09
6.863259850034458e-04 2.442292529505934e-09
6.942799318718813e-04 2.441304966681111e-09
7.023260583636568e-04 2.440317803186147e-09
7.104654327638754e-04 2.439331038859571e-09
7.186991357381772e-04 2.438344673539974e-09
7.270282604762167e-04 2.437358707066015e-09
7.354539128368073e-04 2.436373139276417e-09
7.439772114947434e-04 2.435387970009968e-09
7.525992880893319e-04 2.434403199105521e-09
7.613212873746342e-04 2.433418826401997e-09
7.701443673714610e-04 2.432434851738378e-09
7.790696995211191e-04 2.431451274953714e-09
7.880984688409460e-04 2.430468095887118e-09
7.972318740816413e-04 2.429485314377770e-09
8.064711278864304e-04 2.428502930264915e-09
8.158174569520613e-04 2.427520943387860e-09
8.252721021916785e-04 2.426539353585980e-09
8.348363188995760e-04 2.425558160698715e-09
8.445113769178649e-04 2.424577364565568e-09
8.542985608050665e-04 2.423596965026109e-09
8.641991700066697e-04 2.422616961919971e-09
8.742145190276515e-04 2.421637355086853e-09
8.843459376070099e-04 2.420658144366517e-09
8.945947708943101e-04 2.419679329598793e-09
9.049623796282821e-04 2.418700910623574e-09
9.154501403174824e-04 2.417722887280817e-09
9.260594454230593e-04 2.416745259410545e-09
9.367917035436233e-04 2.415768026852844e-09
9.476483396022730e-04 2.414791189447868e-09
9.586307950357783e-04 2.413814747035832e-09
9.697405279859631e-04 2.412838699457016e-09
9.809790134932988e-04 2.411863046551768e-09
9.923477436927480e-04 2.410887788160497e-09
1.003848228011878e-03 2.409912924123678e-09
1.015481993371263e-03 2.408938454281850e-09
1.027250584387218e-03 2.407964378475616e-09
1.039155563576872e-03 2.406990696545647e-09
1.051198511565629e-03 2.406017408332672e-09
1.063381027297027e-03 2.405044513677490e-09
1.075704728245024e-03 2.404072012420962e-09
1.088171250628760e-03 2.403099904404015e-09
1.100782249629792e-03 2.402128189467636e-09
1.113539399611848e-03 2.401156867452883e-09
1.126444394343145e-03 2.400185938200872e-09
1.139498947221261e-03 2.399215401552786e-09
1.152704791500623e-03 2.398245257349874e-09
1.166063680522638e-03 2.397275505433445e-09
1.179577387948481e-03 2.396306145644876e-09
1.193247707994577e-03 2.395337177825606e-09
1.207076455670833e-03 2.394368601817139e-09
1.221065467021609e-03 2.393400417461043e-09
1.235216599369485e-03 2.392432624598950e-09
1.249531731561871e-03 2.391465223072554e-09
1.264012764220452e-03 2.390498212723617e-09
1.278661619993533e-03 2.389531593393963e-09
1.293480243811316e-03 2.388565364925477e-09
1.308470603144126e-03 2.387599527160115e-09
1.323634688263626e-03 2.386634079939889e-09
1.338974512507078e-03 2.385669023106881e-09
1.354492112544642e-03 2.384704356503233e-09
1.370189548649790e-03 2.383740079971153e-09
1.386068904972850e-03 2.382776193352913e-09
1.402132289817720e-03 2.381812696490845e-09
1.418381835921779e-03 2.380849589227350e-09
1.434819700739062e-03 2.379886871404891e-09
1.451448066726699e-03 2.378924542865991e-09
1.468269141634680e-03 2.377962603453242e-09
1.485285158798982e-03 2.377001053009297e-09
1.502498377438086e-03 2.376039891376873e-09
1.519911082952933e-03 2.375079118398750e-09
1.537525587230363e-03 2.374118733917772e-09
1.555344228950052e-03 2.373158737776849e-09
1.573369373895035e-03 2.372199129818949e-09
1.591603415265802e-03 2.371239909887108e-09
1.610048773998038e-03 2.370281077824425e-09
1.628707899084064e-03 2.369322633474062e-09
1.647583267897982e-03 2.368364576679241e-09
1.666677386524596e-03 2.367406907283254e-09
1.685992790092147e-03 2.366449625129451e-09
1.705532043108906e-03 2.365492730061248e-09
1.725297739803652e-03 2.364536221922122e-09
1.745292504470125e-03 2.363580100555616e-09
1.765518991815442e-03 2.362624365805335e-09
1.785979887312561e-03 2.361669017514947e-09
1.806677907556842e-03 2.360714055528184e-09
1.827615800626724e-03 2.359759479688839e-09
1.848796346448582e-03 2.358805289840772e-09
1.870222357165829e-03 2.357851485827903e-09
1.891896677512278e-03 2.356898067494216e-09
1.913822185189837e-03 2.355945034683759e-09
1.936001791250586e-03 2.354992387240640e-09
1.958438440483277e-03 2.354040125009035e-09
1.981135111804306e-03 2.353088247833179e-09
2.004094818653236e-03 2.352136755557371e-09
2.027320609392887e-03 2.351185648025973e-09
2.050815567714060e-03 2.350234925083412e-09
2.074582813044973e-03 2.349284586574174e-09
2.098625500965417e-03 2.348334632342810e-09
2.122946823625724e-03 2.347385062233936e-09
2.147550010170594e-03 2.346435876092227e-09
2.172438327167829e-03 2.345487073762422e-09
2.197615079042025e-03 2.344538655089324e-09
2.223083608513313e-03 2.343590619917798e-09
2.248847297041173e-03 2.342642968092771e-09
2.274909565273373e-03 2.341695699459234e-09
2.301273873500152e-03 2.340748813862241e-09
2.327943722113632e-03 2.339802311146906e-09
2.354922652072558e-03 2.338856191158408e-09
2.382214245372446e-03 2.337910453741989e-09
2.409822125521159e-03 2.336965098742951e-09
2.437749958019994e-03 2.336020126006661e-09
2.466001450850362e-03 2.335075535378547e-09
2.494580354966095e-03 2.334131326704101e-09
2.523490464791446e-03 2.333187499828877e-09
2.552735618724897e-03 2.332244054598490e-09
2.582319699648773e-03 2.331300990858618e-09
2.612246635444765e-03 2.330358308455003e-09
2.642520399515452e-03 2.329416007233448e-09
2.673145011311838e-03 2.328474087039819e-09
2.704124536867015e-03 2.327532547720043e-09
2.735463089336022e-03 2.326591389120111e-09
2.767164829541931e-03 2.325650611086075e-09
2.799233966528297e-03 2.324710213464051e-09
2.831674758117988e-03 2.323770196100214e-09
2.864491511478486e-03 2.322830558840804e-09
2.897688583693766e-03 2.321891301532124e-09
2.931270382342781e-03 2.320952424020536e-09
2.965241366084646e-03 2.320013926152465e-09
2.999606045250632e-03 2.319075807774401e-09
3.034368982442995e-03 2.318138068732891e-09
3.069534793140746e-03 2.317200708874549e-09
3.105108146312463e-03 2.316263728046047e-09
3.141093765036183e-03 2.315327126094123e-09
3.177496427126480e-03 2.314390902865575e-09
3.214320965768826e-03 2.313455058207260e-09
3.251572270161294e-03 2.312519591966102e-09
3.289255286163682e-03 2.311584503989085e-09
3.327375016954194e-03 2.310649794123253e-09
3.365936523693708e-03 2.309715462215713e-09
3.404944926197731e-03 2.308781508113637e-09
3.444405403616181e-03 2.307847931664254e-09
3.484323195121012e-03 2.306914732714856e-09
3.524703600601811e-03 2.305981911112799e-09
3.565551981369483e-03 2.305049466705498e-09
3.606873760868063e-03 2.304117399340432e-09
3.648674425394778e-03 2.303185708865140e-09
3.690959524828485e-03 2.302254395127224e-09
3.733734673366515e-03 2.301323457974346e-09
3.777005550270063e-03 2.300392897254231e-09
3.820777900618245e-03 2.299462712814665e-09
3.865057536070862e-03 2.298532904503495e-09
3.909850335640001e-03 2.297603472168630e-09
3.955162246470620e-03 2.296674415658042e-09
4.000999284630135e-03 2.295745734819762e-09
4.047367535907165e-03 2.294817429501884e-09
4.094273156619562e-03 2.293889499552563e-09
4.141722374431780e-03 2.292961944820014e-09
4.189721489181709e-03 2.292034765152517e-09
4.238276873717126e-03 2.291107960398410e-09
4.287394974741811e-03 2.290181530406093e-09
4.337082313671460e-03 2.289255475024028e-09
4.387345487499562e-03 2.288329794100738e-09
4.438191169673270e-03 2.287404487484808e-09
4.489626110979421e-03 2.286479555024882e-09
4.541657140440864e-03 2.285554996569668e-09
4.594291166223142e-03 2.284630811967934e-09
4.647535176551667e-03 2.283707001068507e-09
4.701396240639585e-03 2.282783563720279e-09
4.755881509626337e-03 2.281860499772201e-09
4.810998217527102e-03 2.280937809073285e-09
4.866753682193289e-03 2.280015491472604e-09
4.923155306284113e-03 2.279093546819293e-09
4.980210578249432e-03 2.278171974962548e-09
5.037927073324027e-03 2.277250775751623e-09
5.096312454533319e-03 2.276329949035838e-09
5.155374473710834e-03 2.275409494664570e-09
5.215120972527398e-03 2.274489412487258e-09
5.275559883532254e-03 2.273569702353402e-09
5.336699231206307e-03 2.272650364112564e-09
5.398547133027514e-03 2.271731397614364e-09
5.461111800548629e-03 2.270812802708487e-09
5.524401540487485e-03 2.269894579244674e-09
5.588424755829857e-03 2.268976727072730e-09
5.653189946945116e-03 2.268059246042520e-09
5.718705712714857e-03 2.267142136003968e-09
5.784980751674550e-03 2.266225396807063e-09
5.852023863168437e-03 2.265309028301850e-09
5.919843948517852e-03 2.264393030338437e-09
5.988450012203034e-03 2.263477402766991e-09
6.057851163058632e-03 2.262562145437742e-09
6.128056615483129e-03 2.261647258200979e-09
6.199075690662212e-03 2.260732740907052e-09
6.270917817806336e-03 2.259818593406371e-09
6.343592535402673e-03 2.258904815549406e-09
6.417109492481523e-03 2.257991407186690e-09
6.491478449897395e-03 2.257078368168813e-09
6.566709281624995e-03 2.256165698346428e-09
6.642811976070181e-03 2.255253397570247e-09
6.719796637396097e-03 2.254341465691044e-09
6.797673486864746e-03 2.253429902559651e-09
6.876452864194055e-03 2.252518708026962e-09
6.956145228930649e-03 2.251607881943931e-09
7.036761161838614e-03 2.250697424161572e-09
7.118311366304288e-03 2.249787334530959e-09
7.200806669757320e-03 2.248877612903227e-09
7.284258025108283e-03 2.247968259129570e-09
7.368676512202861e-03 2.247059273061243e-09
7.454073339292908e-03 2.246150654549562e-09
7.540459844524610e-03 2.245242403445902e-09
7.627847497443828e-03 2.244334519601697e-09
7.716247900518888e-03 2.243427002868443e-09
7.805672790681092e-03 2.242519853097697e-09
7.896134040883004e-03 2.241613070141073e-09
7.987643661674804e-03 2.240706653850246e-09
8.080213802798972e-03 2.239800604076952e-09
8.173856754803392e-03 2.238894920672986e-09
8.268584950673140e-03 2.237989603490204e-09
8.364410967481266e-03 2.237084652380521e-09
8.461347528058631e-03 2.236180067195911e-09
8.559407502683086e-03 2.235275847788410e-09
8.658603910788314e-03 2.234371994010113e-09
8.758949922692400e-03 2.233468505713174e-09
8.860458861346425e-03 2.232565382749807e-09
8.963144204103416e-03 2.231662624972287e-09
9.067019584507672e-03 2.230760232232947e-09
9.172098794104947e-03 2.229858204384182e-09
9.278395784273528e-03 2.228956541278443e-09
9.385924668076539e-03 2.228055242768244e-09
9.494699722135782e-03 2.227154308706158e-09
9.604735388527227e-03 2.226253738944817e-09
9.716046276698448e-03 2.225353533336912e-09
9.828647165408391e-03 2.224453691735195e-09
9.942553004689511e-03 2.223554213992476e-09
1.005777891783267e-02 2.222655099961627e-09
1.017434020339510e-02 2.221756349495576e-09
1.029225233723160e-02 2.220857962447313e-09
1.041153097454919e-02 2.219959938669888e-09
1.053219195198576e-02 2.219062278016407e-09
1.065425128971262e-02 2.218164980340039e-09
1.077772519356154e-02 2.217268045494011e-09
1.090263005717639e-02 2.216371473331608e-09
1.102898246418973e-02 2.215475263706178e-09
1.115679919042461e-02 2.214579416471123e-09
1.128609720612190e-02 2.213683931479910e-09
1.141689367819346e-02 2.212788808586061e-09
1.154920597250134e-02 2.211894047643158e-09
1.168305165616350e-02 2.210999648504844e-09
1.181844849988616e-02 2.210105611024821e-09
1.195541448032322e-02 2.209211935056847e-09
1.209396778246307e-02 2.208318620454742e-09
1.223412680204295e-02 2.207425667072386e-09
1.237591014799139e-02 2.206533074763715e-09
1.251933664489891e-02 2.205640843382726e-09
1.266442533551738e-02 2.204748972783476e-09
1.281119548328829e-02 2.203857462820078e-09
1.295966657490038e-02 2.202966313346705e-09
1.310985832287694e-02 2.202075524217591e-09
1.326179066819292e-02 2.201185095287028e-09
1.341548378292262e-02 2.200295026409366e-09
1.357095807291791e-02 2.199405317439014e-09
1.372823418051743e-02 2.198515968230441e-09
1.388733298728739e-02 2.197626978638173e-09
1.404827561679398e-02 2.196738348516796e-09
1.421108343740790e-02 2.195850077720956e-09
1.437577806514150e-02 2.194962166105356e-09
1.454238136651873e-02 2.194074613524757e-09
1.471091546147833e-02 2.193187419833982e-09
1.488140272631072e-02 2.192300584887910e-09
1.505386579662894e-02 2.191414108541478e-09
1.522832757037387e-02 2.190527990649684e-09
1.540481121085452e-02 2.189642231067585e-09
1.558334014982337e-02 2.188756829650294e-09
1.576393809058737e-02 2.187871786252982e-09
1.594662901115511e-02 2.186987100730884e-09
1.613143716742029e-02 2.186102772939288e-09
1.631838709638227e-02 2.185218802733542e-09
1.650750361940382e-02 2.184335189969055e-09
1.669881184550657e-02 2.183451934501291e-09
1.689233717470489e-02 2.182569036185773e-09
1.708810530137815e-02 2.181686494878085e-09
1.728614221768214e-02 2.180804310433867e-09
1.748647421700017e-02 2.179922482708818e-09
1.768912789743395e-02 2.179041011558695e-09
1.789413016533501e-02 2.178159896839315e-09
1.810150823887716e-02 2.177279138406551e-09
1.831128965167018e-02 2.176398736116335e-09
1.852350225641539e-02 2.175518689824658e-09
1.873817422860383e-02 2.174638999387570e-09
1.895533407025700e-02 2.173759664661177e-09
1.917501061371106e-02 2.172880685501643e-09
1.939723302544499e-02 2.172002061765194e-09
1.962203080995301e-02 2.171123793308109e-09
1.984943381366177e-02 2.170245879986729e-09
2.007947222889325e-02 2.169368321657451e-09
2.031217659787331e-02 2.168491118176732e-09
2.054757781678672e-02 2.167614269401084e-09
2.078570713987935e-02 2.166737775187080e-09
2.102659618360779e-02 2.165861635391350e-09
2.127027693083699e-02 2.164985849870581e-09
2.151678173508671e-02 2.164110418481520e-09
2.176614332482711e-02 2.163235341080968e-09
2.201839480782400e-02 2.162360617525791e-09
2.227356967553467e-02 2.161486247672904e-09
2.253170180755458e-02 2.160612231379286e-09
2.279282547611539e-02 2.159738568501973e-09
2.305697535063547e-02 2.158865258898057e-09
2.332418650232290e-02 2.157992302424690e-09
2.359449440883181e-02 2.157119698939078e-09
2.386793495897285e-02 2.156247448298490e-09
2.414454445747813e-02 2.155375550360248e-09
2.442435962982131e-02 2.154504004981735e-09
2.470741762709381e-02 2.153632812020389e-09
2.499375603093723e-02 2.152761971333708e-09
2.528341285853309e-02 2.151891482779247e-09
2.557642656765044e-02 2.151021346214616e-09
2.587283606175187e-02 2.150151561497487e-09
2.617268069515864e-02 2.149282128485587e-09
2.647600027827592e-02 2.148413047036699e-09
2.678283508287834e-02 2.147544317008668e-09
2.709322584745678e-02 2.146675938259392e-09
2.740721378262741e-02 2.145807910646830e-09
2.772484057660313e-02 2.144940234028994e-09
2.804614840072846e-02 2.144072908263958e-09
2.837117991507876e-02 2.143205933209852e-09
2.869997827412418e-02 2.142339308724862e-09
2.903258713245915e-02 2.141473034667232e-09
2.936905065059864e-02 2.140607110895264e-09
2.970941350084110e-02 2.139741537267317e-09
3.005372087319983e-02 2.138876313641807e-09
3.040201848140277e-02 2.138011439877207e-09
3.075435256896181e-02 2.137146915832048e-09
3.111076991531278e-02 2.136282741364919e-09
3.147131784202618e-02 2.135418916334463e-09
3.183604421909005e-02 2.134555440599382e-09
3.220499747126586e-02 2.133692314018437e-09
3.257822658451773e-02 2.132829536450444e-09
3.295578111251624e-02 2.131967107754276e-09
3.333771118321786e-02 2.131105027788863e-09
3.372406750552035e-02 2.130243296413194e-09
3.411490137599529e-02 2.129381913486312e-09
3.451026468569892e-02 2.128520878867320e-09
3.491020992706163e-02 2.127660192415377e-09
3.531479020085727e-02 2.126799853989697e-09
3.572405922325358e-02 2.125939863449552e-09
3.613807133294396e-02 2.125080220654274e-09
3.655688149836193e-02 2.124220925463247e-09
3.698054532497952e-02 2.123361977735915e-09
3.740911906268986e-02 2.122503377331778e-09
3.784265961327545e-02 2.121645124110392e-09
3.828122453796318e-02 2.120787217931372e-09
3.872487206506662e-02 2.119929658654387e-09
3.917366109771694e-02 2.119072446139164e-09
3.962765122168369e-02 2.118215580245488e-09
4.008690271328588e-02 2.117359060833198e-09
4.055147654739474e-02 2.116502887762192e-09
4.102143440552967e-02 2.115647060892424e-09
4.149683868404750e-02 2.114791580083905e-09
4.197775250242678e-02 2.113936445196699e-09
4.246423971164841e-02 2.113081656090934e-09
4.295636490267301e-02 2.112227212626787e-09
4.345419341501652e-02 2.111373114664496e-09
4.395779134542564e-02 2.110519362064353e-09
4.446722555665333e-02 2.109665954686710e-09
4.498256368633606e-02 2.108812892391971e-09
4.550387415597434e-02 2.107960175040600e-09
4.603122618001695e-02 2.107107802493115e-09
4.656468977505034e-02 2.106255774610092e-09
4.710433576909505e-02 2.105404091252163e-09
4.765023581100947e-02 2.104552752280016e-09
4.820246238000243e-02 2.103701757554396e-09
4.876108879525660e-02 2.102851106936104e-09
4.932618922566301e-02 2.102000800285996e-09
4.989783869966816e-02 2.101150837464985e-09
5.047611311523601e-02 2.100301218334043e-09
5.106108924992472e-02 2.099451942754194e-09
5.165284477108027e-02 2.098603010586520e-09
5.225145824614878e-02 2.097754421692160e-09
5.285700915310741e-02 2.096906175932308e-09
5.346957789101711e-02 2.096058273168214e-09
5.408924579069702e-02 2.095210713261186e-09
5.471609512552261e-02 2.094363496072586e-09
5.535020912234942e-02 2.093516621463832e-09
5.599167197256302e-02 2.092670089296399e-09
5.664056884325686e-02 2.091823899431819e-09
5.729698588854028e-02 2.090978051731677e-09
5.796101026097705e-02 2.090132546057617e-09
5.863273012315640e-02 2.089287382271338e-09
5.931223465939879e-02 2.088442560234593e-09
5.999961408759671e-02 2.087598079809194e-09
6.069495967119275e-02 2.086753940857007e-09
6.139836373129699e-02 2.085910143239954e-09
6.210991965894436e-02 2.085066686820013e-09
6.282972192749393e-02 2.084223571459218e-09
6.355786610517258e-02 2.083380797019659e-09
6.429444886776339e-02 2.082538363363481e-09
6.503956801144105e-02 2.081696270352886e-09
6.579332246575675e-02 2.080854517850130e-09
6.655581230677284e-02 2.080013105717526e-09
6.732713877034967e-02 2.079172033817443e-09
6.810740426558722e-02 2.078331302012303e-09
6.889671238842163e-02 2.077490910164588e-09
6.969516793537953e-02 2.076650858136831e-09
7.050287691749227e-02 2.075811145791624e-09
7.131994657437081e-02 2.074971772991613e-09
7.214648538844370e-02 2.074132739599500e-09
7.298260309936079e-02 2.073294045478042e-09
7.382841071856310e-02 2.072455690490052e-09
7.468402054402161e-02 2.071617674498399e-09
7.554954617514757e-02 2.070779997366006e-09
7.642510252787481e-02 2.069942658955852e-09
7.731080584991697e-02 2.069105659130973e-09
7.820677373620213e-02 2.068268997754458e-09
7.911312514448576e-02 2.067432674689453e-09
8.002998041114440e-02 2.066596689799157e-09
8.095746126715327e-02 2.065761042946828e-09
8.189569085424830e-02 2.064925733995777e-09
8.284479374127536e-02 2.064090762809370e-09
8.380489594072982e-02 2.063256129251029e-09
8.477612492548696e-02 2.062421833184230e-09
8.575860964572633e-02 2.061587874472508e-09
8.675248054605300e-02 2.060754252979448e-09
8.775786958281639e-02 2.059920968568694e-09
8.877491024162994e-02 2.059088021103943e-09
8.980373755509448e-02 2.058255410448948e-09
9.084448812072632e-02 2.057423136467517e-09
9.189730011909295e-02 2.056591199023514e-09
9.296231333215993e-02 2.055759597980855e-09
9.403966916184946e-02 2.054928333203515e-09
9.512951064881398e-02 2.054097404555521e-09
9.623198249142846e-02 2.053266811900957e-09
9.734723106500118e-02 2.052436555103961e-09
9.847540444120867e-02 2.051606634028724e-09
9.961665240775500e-02 2.050777048539497e-09
1.007711264882587e-01 2.049947798500580e-09
1.019389799623712e-01 2.049118883776332e-09
1.031203678861274e-01 2.048290304231166e-09
1.043154471125326e-01 2.047462059729549e-09
1.055243763123881e-01 2.046634150136002e-09
1.067473159953570e-01 2.045806575315104e-09
1.079844285312766e-01 2.044979335131485e-09
1.092358781717150e-01 2.044152429449832e-09
1.105018310717794e-01 2.043325858134886e-09
1.117824553121763e-01 2.042499621051442e-09
1.130779209215280e-01 2.041673718064353e-09
1.143883998989463e-01 2.040848149038522e-09
1.157140662368702e-01 2.040022913838909e-09
1.170550959441659e-01 2.039198012330529e-09
1.184116670694960e-01 2.038373444378450e-09
1.197839597249589e-01 2.037549209847797e-09
1.211721561100025e-01 2.036725308603748e-09
1.225764405356138e-01 2.035901740511533e-09
1.239969994487915e-01 2.035078505436443e-09
1.254340214572998e-01 2.034255603243816e-09
1.268876973547095e-01 2.033433033799050e-09
1.283582201457306e-01 2.032610796967595e-09
1.298457850718362e-01 2.031788892614956e-09
1.313505896371863e-01 2.030967320606691e-09
1.328728336348495e-01 2.030146080808416e-09
1.344127191733298e-01 2.029325173085796e-09
1.359704507034002e-01 2.028504597304555e-09
1.375462350452487e-01 2.027684353330470e-09
1.391402814159361e-01 2.026864441029371e-09
1.407528014571755e-01 2.026044860267143e-09
1.423840092634312e-01 2.025225610909725e-09
1.440341214103440e-01 2.024406692823111e-09
1.457033569834861e-01 2.023588105873349e-09
1.473919376074496e-01 2.022769849926540e-09
1.491000874752700e-01 2.021951924848841e-09
1.508280333781944e-01 2.021134330506461e-09
1.525760047357916e-01 2.020317066765665e-09
1.543442336264119e-01 2.019500133492771e-09
1.561329548180009e-01 2.018683530554152e-09
1.579424057992690e-01 2.017867257816233e-09
1.597728268112228e-01 2.017051315145496e-09
1.616244608790627e-01 2.016235702408474e-09
1.634975538444486e-01 2.015420419471756e-09
1.653923543981407e-01 2.014605466201984e-09
1.673091141130181e-01 2.013790842465855e-09
1.692480874774805e-01 2.012976548130118e-09
1.712095319292352e-01 2.012162583061578e-09
1.731937078894794e-01 2.011348947127093e-09
1.752008787974747e-01 2.010535640193573e-09
1.772313111455247e-01 2.009722662127985e-09
1.792852745143566e-01 2.008910012797349e-09
1.813630416089145e-01 2.008097692068736e-09
1.834648882945646e-01 2.007285699809274e-09
1.855910936337243e-01 2.006474035886144e-09
1.877419399229114e-01 2.005662700166579e-09
1.899177127302258e-01 2.004851692517868e-09
1.921187009332636e-01 2.004041012807352e-09
1.943451967574724e-01 2.003230660902427e-09
1.965974958149483e-01 2.002420636670542e-09
1.988758971436866e-01 2.001610939979198e-09
2.011807032472837e-01 2.000801570695952e-09
2.035122201351008e-01 1.999992528688414e-09
2.058707573628930e-01 1.999183813824246e-09
2.082566280739094e-01 1.998375425971166e-09
2.106701490404673e-01 1.997567364996943e-09
2.131116407060127e-01 1.996759630769401e-09
2.155814272276641e-01 1.995952223156418e-09
2.180798365192511e-01 1.995145142025924e-09
2.206072002948516e-01 1.994338387245902e-09
2.231638541128343e-01 1.993531958684389e-09
2.257501374204082e-01 1.992725856209477e-09
2.283663935986947e-01 1.991920079689310e-09
2.310129700083158e-01 1.991114628992084e-09
2.336902180355142e-01 1.990309503986050e-09
2.363984931388071e-01 1.989504704539513e-09
2.391381548961784e-01 1.988700230520828e-09
2.419095670528232e-01 1.987896081798408e-09
2.447130975694400e-01 1.987092258240714e-09
2.475491186710856e-01 1.986288759716265e-09
2.504180068965953e-01 1.985485586093629e-09
2.533201431485765e-01 1.984682737241430e-09
2.562559127439795e-01 1.983880213028343e-09
2.592257054652585e-01 1.983078013323099e-09
2.622299156121217e-01 1.982276137994480e-09
2.652689420538825e-01 1.981474586911321e-09
2.683431882824177e-01 1.980673359942510e-09
2.714530624657395e-01 1.979872456956989e-09
2.745989775021862e-01 1.979071877823753e-09
2.777813510752457e-01 1.978271622411848e-09
2.810006057090090e-01 1.977471690590375e-09
2.842571688242702e-01 1.976672082228488e-09
2.875514727952740e-01 1.975872797195393e-09
2.908839550071238e-01 1.975073835360348e-09
2.942550579138500e-01 1.974275196592667e-09
2.976652290971591e-01 1.973476880761712e-09
3.011149213258563e-01 1.972678887736904e-09
3.046045926159602e-01 1.971881217387711e-09
3.081347062915141e-01 1.971083869583657e-09
3.117057310461016e-01 1.970286844194318e-09
3.153181410050730e-01 1.969490141089322e-09
3.189724157884989e-01 1.968693760138352e-09
3.226690405748463e-01 1.967897701211141e-09
3.264085061653970e-01 1.967101964177476e-09
3.301913090494110e-01 1.966306548907197e-09
3.340179514700463e-01 1.965511455270195e-09
3.378889414910388e-01 1.964716683136415e-09
3.418047930641626e-01 1.963922232375856e-09
3.457660260974639e-01 1.963128102858565e-09
3.497731665242908e-01 1.962334294454647e-09
3.538267463731209e-01 1.961540807034256e-09
3.579273038381998e-01 1.960747640467598e-09
3.620753833509942e-01 1.959954794624935e-09
3.662715356524804e-01 1.959162269376579e-09
3.705163178662637e-01 1.958370064592894e-09
3.748102935725479e-01 1.957578180144298e-09
3.791540328829626e-01 1.956786615901260e-09
3.835481125162571e-01 1.955995371734302e-09
3.879931158748688e-01 1.955204447513999e-09
3.924896331223860e-01 1.954413843110978e-09
3.970382612619009e-01 1.953623558395917e-09
4.016396042152747e-01 1.952833593239548e-09
4.062942729033203e-01 1.952043947512654e-09
4.110028853269148e-01 1.951254621086071e-09
4.157660666490489e-01 1.950465613830688e-09
4.205844492778344e-01 1.949676925617444e-09
4.254586729504659e-01 1.948888556317332e-09
4.303893848181592e-01 1.948100505801397e-09
4.353772395320755e-01 1.947312773940734e-09
4.404228993302348e-01 1.946525360606495e-09
4.455270341254475e-01 1.945738265669878e-09
4.506903215942549e-01 1.944951489002138e-09
4.559134472669053e-01 1.944165030474579e-09
4.611971046183719e-01 1.943378889958559e-09
4.665419951604264e-01 1.942593067325487e-09
4.719488285347755e-01 1.941807562446823e-09
4.774183226072852e-01 1.941022375194082e-09
4.829512035632884e-01 1.940237505438828e-09
4.885482060040014e-01 1.939452953052679e-09
4.942100730440575e-01 1.938668717907303e-09
4.999375564101707e-01 1.937884799874421e-09
5.057314165409389e-01 1.937101198825805e-09
5.115924226878135e-01 1.936317914633282e-09
5.175213530172288e-01 1.935534947168726e-09
5.235189947139204e-01 1.934752296304066e-09
5.295861440854396e-01 1.933969961911282e-09
5.357236066678807e-01 1.933187943862406e-09
5.419321973328273e-01 1.932406242029522e-09
5.482127403955496e-01 1.931624856284764e-09
5.545660697244449e-01 1.930843786500320e-09
5.609930288517506e-01 1.930063032548428e-09
5.674944710855410e-01 1.929282594301378e-09
5.740712596230216e-01 1.928502471631512e-09
5.807242676651317e-01 1.927722664411225e-09
5.874543785324858e-01 1.926943172512960e-09
5.942624857826483e-01 1.926163995809216e-09
6.011494933287717e-01 1.925385134172539e-09
6.081163155596094e-01 1.924606587475531e-09
6.151638774609209e-01 1.923828355590841e-09
6.222931147382769e-01 1.923050438391174e-09
6.295049739413001e-01 1.922272835749282e-09
6.368004125893348e-01 1.921495547537973e-09
6.441803992985771e-01 1.920718573630103e-09
6.516459139106784e-01 1.919941913898581e-09
6.591979476228409e-01 1.919165568216367e-09
6.668375031194131e-01 1.918389536456471e-09
6.745655947050245e-01 1.917613818491958e-09
6.823832484392498e-01 1.916838414195941e-09
6.902915022728395e-01 1.916063323441585e-09
6.982914061855302e-01 1.915288546102107e-09
7.063840223254502e-01 1.914514082050774e-09
7.145704251501368e-01 1.913739931160907e-09
7.228517015691996e-01 1.912966093305874e-09
7.312289510886248e-01 1.912192568359099e-09
7.397032859567577e-01 1.911419356194053e-09
7.482758313119774e-01 1.910646456684261e-09
7.569477253320757e-01 1.909873869703297e-09
7.657201193853822e-01 1.909101595124788e-09
7.745941781836257e-01 1.908329632822411e-09
7.835710799365743e-01 1.907557982669894e-09
7.926520165084664e-01 1.906786644541017e-09
8.018381935762567e-01 1.906015618309610e-09
8.111308307896873e-01 1.905244903849555e-09
8.205311619332302e-01 1.904474501034784e-09
8.300404350898910e-01 1.903704409739280e-09
8.396599128069184e-01 1.902934629837079e-09
8.493908722634330e-01 1.902165161202265e-09
8.592346054399995e-01 1.901396003708974e-09
8.691924192901572e-01 1.900627157231394e-09
8.792656359139538e-01 1.899858621643763e-09
8.894555927334747e-01 1.899090396820369e-09
8.997636426704136e-01 1.898322482635553e-09
9.101911543257010e-01 1.897554878963705e-09
9.207395121612141e-01 1.896787585679265e-09
9.314101166835858e-01 1.896020602656727e-09
9.422043846301604e-01 1.895253929770633e-09
9.531237491570873e-01 1.894487566895576e-09
9.641696600296020e-01 1.893721513906201e-09
9.753435838145129e-01 1.892955770677204e-09
9.866470040749188e-01 1.892190337083328e-09
9.980814215671735e-01 1.891425212999371e-09
1.009648354440154e+00 1.890660398300180e-09
1.021349338436818e+00 1.889895892860651e-09
1.033185927098104e+00 1.889131696555734e-09
1.045159691969197e+00 1.888367809260427e-09
1.057272222808187e+00 1.887604230849778e-09
1.069525127797128e+00 1.886840961198889e-09
1.081920033755572e+00 1.886078000182908e-09
1.094458586356555e+00 1.885315347677037e-09
1.107142450345092e+00 1.884553003556527e-09
1.119973309759208e+00 1.883790967696680e-09
1.132952868153528e+00 1.883029239972847e-09
1.146082848825452e+00 1.882267820260431e-09
1.159364995043967e+00 1.881506708434885e-09
1.172801070281096e+00 1.880745904371711e-09
1.186392858446034e+00 1.879985407946464e-09
1.200142164122000e+00 1.879225219034749e-09
1.214050812805830e+00 1.878465337512217e-09
1.228120651150344e+00 1.877705763254574e-09
1.242353547209537e+00 1.876946496137574e-09
1.256751390686594e+00 1.876187536037024e-09
1.271316093184784e+00 1.875428882828777e-09
1.286049588461271e+00 1.874670536388740e-09
1.300953832683852e+00 1.873912496592866e-09
1.316030804690678e+00 1.873154763317164e-09
1.331282506252992e+00 1.872397336437688e-09
1.346710962340896e+00 1.871640215830543e-09
1.362318221392212e+00 1.870883401371887e-09
1.378106355584452e+00 1.870126892937925e-09
1.394077461109936e+00 1.869370690404913e-09
1.410233658454111e+00 1.868614793649158e-09
1.426577092677086e+00 1.867859202547016e-09
1.443109933698431e+00 1.867103916974893e-09
1.459834376585276e+00 1.866348936809246e-09
1.476752641843757e+00 1.865594261926580e-09
1.493866975713816e+00 1.864839892203452e-09
1.511179650467457e+00 1.864085827516467e-09
1.528692964710423e+00 1.863332067742282e-09
1.546409243687382e+00 1.862578612757601e-09
1.564330839590652e+00 1.861825462439182e-09
1.582460131872509e+00 1.861072616663829e-09
1.600799527561086e+00 1.860320075308398e-09
1.619351461579980e+00 1.859567838249794e-09
1.638118397071523e+00 1.858815905364971e-09
1.657102825723816e+00 1.858064276530935e-09
1.676307268101551e+00 1.857312951624739e-09
1.695734273980669e+00 1.856561930523488e-09
1.715386422686882e+00 1.855811213104335e-09
1.735266323438152e+00 1.855060799244484e-09
1.755376615691100e+00 1.854310688821188e-09
1.775719969491452e+00 1.853560881711749e-09
1.796299085828542e+00 1.852811377793521e-09
1.817116696993926e+00 1.852062176943904e-09
1.838175566944134e+00 1.851313279040351e-09
1.859478491667661e+00 1.850564683960362e-09
1.881028299556179e+00 1.849816391581488e-09
1.902827851780064e+00 1.849068401781329e-09
1.924880042668277e+00 1.848320714437535e-09
1.947187800092645e+00 1.847573329427805e-09
1.969754085856579e+00 1.846826246629886e-09
1.992581896088341e+00 1.846079465921579e-09
2.015674261638820e+00 1.845332987180729e-09
2.039034248483944e+00 1.844586810285233e-09
2.062664958131749e+00 1.843840935113037e-09
2.086569528034174e+00 1.843095361542138e-09
2.110751132003599e+00 1.842350089450579e-09
2.135212980634263e+00 1.841605118716455e-09
2.159958321728513e+00 1.840860449217910e-09
2.184990440728023e+00 1.840116080833135e-09
2.210312661150002e+00 1.839372013440374e-09
2.235928345028459e+00 1.838628246917917e-09
2.261840893360568e+00 1.837884781144104e-09
2.288053746558241e+00 1.837141615997326e-09
2.314570384904895e+00 1.836398751356020e-09
2.341394329017537e+00 1.835656187098676e-09
2.368529140314194e+00 1.834913923103829e-09
2.395978421486766e+00 1.834171959250066e-09
2.423745816979342e+00 1.833430295416023e-09
2.451835013472097e+00 1.832688931480384e-09
2.480249740370755e+00 1.831947867321881e-09
2.508993770301750e+00 1.831207102819298e-09
2.538070919613119e+00 1.830466637851466e-09
2.567485048881183e+00 1.829726472297266e-09
2.597240063423142e+00 1.828986606035627e-09
2.627339913815568e+00 1.828247038945526e-09
2.657788596418927e+00 1.827507770905993e-09
2.688590153908174e+00 1.826768801796102e-09
2.719748675809512e+00 1.826030131494979e-09
2.751268299043326e+00 1.825291759881798e-09
2.783153208473486e+00 1.824553686835781e-09
2.815407637462942e+00 1.823815912236202e-09
2.848035868435799e+00 1.823078435962379e-09
2.881042233445892e+00 1.822341257893682e-09
2.914431114751959e+00 1.821604377909530e-09
2.948206945399453e+00 1.820867795889389e-09
2.982374209809149e+00 1.820131511712775e-09
3.016937444372523e+00 1.819395525259252e-09
3.051901238054049e+00 1.818659836408433e-09
3.087270233000482e+00 1.817924445039980e-09
3.123049125157200e+00 1.817189351033603e-09
3.159242664891656e+00 1.816454554269061e-09
3.195855657624133e+00 1.815720054626162e-09
3.232892964465723e+00 1.814985851984763e-09
3.270359502863754e+00 1.814251946224766e-09
3.308260247254670e+00 1.813518337226127e-09
3.346600229724504e+00 1.812785024868847e-09
3.385384540676955e+00 1.812052009032976e-09
3.424618329509284e+00 1.811319289598614e-09
3.464306805295974e+00 1.810586866445907e-09
3.504455237480343e+00 1.809854739455052e-09
3.545068956574175e+00 1.809122908506293e-09
3.586153354865451e+00 1.808391373479922e-09
3.627713887134262e+00 1.807660134256282e-09
3.669756071377082e+00 1.806929190715760e-09
3.712285489539362e+00 1.806198542738796e-09
3.755307788256653e+00 1.805468190205874e-09
3.798828679604317e+00 1.804738132997532e-09
3.842853941855918e+00 1.804008370994350e-09
3.887389420250378e+00 1.803278904076959e-09
3.932441027768098e+00 1.802549732126040e-09
3.978014745915989e+00 1.801820855022321e-09
4.024116625521652e+00 1.801092272646576e-09
4.070752787536739e+00 1.800363984879630e-09
4.117929423849647e+00 1.799635991602356e-09
4.165652798107581e+00 1.798908292695673e-09
4.213929246548228e+00 1.798180888040551e-09
4.262765178840986e+00 1.797453777518006e-09
4.312167078937986e+00 1.796726961009104e-09
4.362141505934979e+00 1.796000438394956e-09
4.412695094942143e+00 1.795274209556724e-09
4.463834557965092e+00 1.794548274375618e-09
4.515566684795989e+00 1.793822632732893e-09
4.567898343915032e+00 1.793097284509857e-09
4.620836483402392e+00 1.792372229587860e-09
4.674388131860712e+00 1.791647467848305e-09
4.728560399348262e+00 1.790922999172641e-09
4.783360478322997e+00 1.790198823442365e-09
4.838795644597463e+00 1.789474940539021e-09
4.894873258304817e+00 1.788751350344202e-09
4.951600764876033e+00 1.788028052739550e-09
5.008985696028443e+00 1.787305047606752e-09
5.067035670765682e+00 1.786582334827545e-09
5.125758396389326e+00 1.785859914283714e-09
5.185161669522151e+00 1.785137785857089e-09
5.245253377143301e+00 1.784415949429552e-09
5.306041497635442e+00 1.783694404883029e-09
5.367534101844066e+00 1.782973152099497e-09
5.429739354149012e+00 1.782252190960977e-09
5.492665513548520e+00 1.781531521349540e-09
5.556320934755733e+00 1.780811143147306e-09
5.620714069307964e+00 1.780091056236440e-09
5.685853466688811e+00 1.779371260499156e-09
5.751747775463278e+00 1.778651755817715e-09
5.818405744426006e+00 1.777932542074426e-09
5.885836223762919e+00 1.777213619151646e-09
5.954048166226215e+00 1.776494986931779e-09
6.023050628323039e+00 1.775776645297277e-09
6.092852771517915e+00 1.775058594130638e-09
6.163463863449128e+00 1.774340833314410e-09
6.234893279159138e+00 1.773623362731186e-09
6.307150502339380e+00 1.772906182263609e-09
6.380245126589369e+00 1.772189291794367e-09
6.454186856690448e+00 1.771472691206198e-09
6.528985509894303e+00 1.770756380381885e-09
6.604651017226405e+00 1.770040359204259e-09
6.681193424804503e+00 1.769324627556199e-09
6.758622895172531e+00 1.768609185320632e-09
6.836949708649832e+00 1.767894032380531e-09
6.916184264696096e+00 1.767179168618916e-09
6.996337083292090e+00 1.766464593918857e-09
7.077418806336420e+00 1.765750308163467e-09
7.159440199058392e+00 1.765036311235910e-09
7.242412151447404e+00 1.764322603019396e-09
7.326345679698751e+00 1.763609183397181e-09
7.411251927676260e+00 1.762896052252571e-09
7.497142168391869e+00 1.762183209468917e-09
7.584027805502349e+00 1.761470654929616e-09
7.671920374823320e+00 1.760758388518116e-09
7.760831545860945e+00 1.760046410117908e-09
7.850773123361237e+00 1.759334719612534e-09
7.941757048877387e+00 1.758623316885580e-09
8.033795402355267e+00 1.757912201820680e-09
8.126900403737212e+00 1.757201374301516e-09
8.221084414584569e+00 1.756490834211817e-09
8.316359939718877e+00 1.755780581435356e-09
8.412739628882143e+00 1.755070615855957e-09
8.510236278416357e+00 1.754360937357489e-09
8.608862832962480e+00 1.753651545823869e-09
8.708632387179028e+00 1.752942441139059e-09
8.809558187480770e+00 1.752233623187069e-09
8.911653633797370e+00 1.751525091851957e-09
9.014932281352531e+00 1.750816847017827e-09
9.119407842463708e+00 1.750108888568829e-09
9.225094188362727e+00 1.749401216389160e-09
9.332005351037379e+00 1.748693830363066e-09
9.440155525094578e+00 1.747986730374838e-09
9.549559069644896e+00 1.747279916308813e-09
9.660230510209040e+00 1.746573388049376e-09
9.772184540646414e+00 1.745867145480960e-09
9.885436025106042e+00 1.745161188488041e-09
1.000000000000000e+01 1.744455516955146e-09
