# k[1/Mpc]  Delta2_R(k) [rift_bao]
1.000000000000000e-04 2.613123283148146e-09
1.026646146967433e-04 2.610712389176979e-09
1.054002311083077e-04 2.608303719520974e-09
1.082087411568211e-04 2.605897272127956e-09
1.110920871768467e-04 2.603493044947643e-09
1.140522632586799e-04 2.601091035931644e-09
1.170913166274391e-04 2.598691243033457e-09
1.202113490589041e-04 2.596293664208471e-09
1.234145183330812e-04 2.593898297413959e-09
1.267030397264994e-04 2.591505140609079e-09
1.300791875442722e-04 2.589114191754873e-09
1.335452966929813e-04 2.586725448814262e-09
1.371037642954719e-04 2.584338909752049e-09
1.407570513486775e-04 2.581954572534914e-09
1.445076844256168e-04 2.579572435131411e-09
1.483582574227454e-04 2.577192495511970e-09
1.523114333538641e-04 2.574814751648894e-09
1.563699461918316e-04 2.572439201516355e-09
1.605366027593489e-04 2.570065843090396e-09
1.648142846701269e-04 2.567694674348925e-09
1.692059503217796e-04 2.565325693271719e-09
1.737146369418179e-04 2.562958897840415e-09
1.783434626881640e-04 2.560594286038514e-09
1.830956288056337e-04 2.558231855851379e-09
1.879744218398832e-04 2.555871605266229e-09
1.929832159103471e-04 2.553513532272141e-09
1.981254750437421e-04 2.551157634860049e-09
2.034047555697503e-04 2.548803911022736e-09
2.088247085805366e-04 2.546452358754843e-09
2.143890824558052e-04 2.544102976052856e-09
2.201017254551357e-04 2.541755760915113e-09
2.259665883793990e-04 2.539410711341797e-09
2.319877273030859e-04 2.537067825334935e-09
2.381693063794447e-04 2.534727100898401e-09
2.445156007203632e-04 2.532388536037906e-09
2.510309993529882e-04 2.530052128761006e-09
2.577200082551297e-04 2.527717877077090e-09
2.645872534715439e-04 2.525385778997387e-09
2.716374843132564e-04 2.523055832534960e-09
2.788755766421312e-04 2.520728035704705e-09
2.863065362429653e-04 2.518402386523351e-09
2.939355022854320e-04 2.516078883009453e-09
3.017677508782759e-04 2.513757523183399e-09
3.098086987182105e-04 2.511438305067398e-09
3.180639068360451e-04 2.509121226685489e-09
3.265390844426346e-04 2.506806286063532e-09
3.352400928773040e-04 2.504493481229206e-09
3.441729496614885e-04 2.502182810212013e-09
3.533438326603838e-04 2.499874271043271e-09
3.627590843554888e-04 2.497567861756116e-09
3.724252162309966e-04 2.495263580385497e-09
3.823489132770657e-04 2.492961424968177e-09
3.925370386130850e-04 2.490661393542730e-09
4.029966382341302e-04 2.488363484149540e-09
4.137349458838987e-04 2.486067694830797e-09
4.247593880574840e-04 2.483774023630500e-09
4.360775891374605e-04 2.481482468594453e-09
4.476973766668216e-04 2.479193027770259e-09
4.596267867624204e-04 2.476905699207325e-09
4.718740696726609e-04 2.474620480956859e-09
4.844476954832792e-04 2.472337371071864e-09
4.973563599751615e-04 2.470056367607142e-09
5.106089906382471e-04 2.467777468619286e-09
5.242147528456870e-04 2.465500672166687e-09
5.381830561925097e-04 2.463225976309523e-09
5.525235610031975e-04 2.460953379109765e-09
5.672461850126587e-04 2.458682878631168e-09
5.823611102252216e-04 2.456414472939278e-09
5.978787899564009e-04 2.454148160101423e-09
6.138099560622902e-04 2.451883938186714e-09
6.301656263615995e-04 2.449621805266045e-09
6.469571122554558e-04 2.447361759412089e-09
6.641960265502414e-04 2.445103798699297e-09
6.818942914888841e-04 2.442847921203896e-09
7.000641469961505e-04 2.440594125003889e-09
7.187181591436412e-04 2.438342408179052e-09
7.378692288403456e-04 2.436092768810932e-09
7.575306007547726e-04 2.433845204982847e-09
7.777158724748120e-04 2.431599714779883e-09
7.984390039116812e-04 2.429356296288892e-09
8.197143269544435e-04 2.427114947598491e-09
8.415565553817828e-04 2.424875666799062e-09
8.639807950378925e-04 2.422638451982747e-09
8.870025542795117e-04 2.420403301243450e-09
9.106377547013330e-04 2.418170212676833e-09
9.349027421471978e-04 2.415939184380312e-09
9.598142980147091e-04 2.413710214453064e-09
9.853896508610525e-04 2.411483300996016e-09
1.011646488318084e-03 2.409258442111846e-09
1.038602969324896e-03 2.407035635904987e-09
1.066277736686340e-03 2.404814880481616e-09
1.094689929966186e-03 2.402596173949661e-09
1.123859198723834e-03 2.400379514418792e-09
1.153805716103731e-03 2.398164900000427e-09
1.184550192786896e-03 2.395952328807724e-09
1.216113891314198e-03 2.393741798955581e-09
1.248518640791293e-03 2.391533308560639e-09
1.281786851985397e-03 2.389326855741273e-09
1.315941532824325e-03 2.387122438617595e-09
1.351006304308512e-03 2.384920055311450e-09
1.387005416847045e-03 2.382719703946421e-09
1.423963767028977e-03 2.380521382647816e-09
1.461906914841531e-03 2.378325089542676e-09
1.500861101347106e-03 2.376130822759768e-09
1.540853266831306e-03 2.373938580429588e-09
1.581911069434542e-03 2.371748360684355e-09
1.624062904280104e-03 2.369560161658013e-09
1.667337923111910e-03 2.367373981486223e-09
1.711766054455524e-03 2.365189818306372e-09
1.757378024316411e-03 2.363007670257562e-09
1.804205377429682e-03 2.360827535480614e-09
1.852280499076107e-03 2.358649412118061e-09
1.901636637479401e-03 2.356473298314153e-09
1.952307926800334e-03 2.354299192214850e-09
2.004329410743540e-03 2.352127091967825e-09
2.057737066793360e-03 2.349956995722457e-09
2.112567831095473e-03 2.347788901629834e-09
2.168859624001514e-03 2.345622807842749e-09
2.226651376294392e-03 2.343458712515701e-09
2.285983056112369e-03 2.341296613804891e-09
2.346895696590601e-03 2.339136509868220e-09
2.409431424239192e-03 2.336978398865288e-09
2.473633488077424e-03 2.334822278957396e-09
2.539546289544298e-03 2.332668148307539e-09
2.607215413206095e-03 2.330516005080406e-09
2.676687658282141e-03 2.328365847442383e-09
2.748011071010644e-03 2.326217673561545e-09
2.821234977876929e-03 2.324071481607656e-09
2.896410019727100e-03 2.321927269752171e-09
2.973588186790694e-03 2.319785036168232e-09
3.052822854636544e-03 2.317644779030664e-09
3.134168821086731e-03 2.315506496515979e-09
3.217682344114154e-03 2.313370186802369e-09
3.303421180749934e-03 2.311235848069709e-09
3.391444627027528e-03 2.309103478499551e-09
3.481813558991217e-03 2.306973076275126e-09
3.574590474797302e-03 2.304844639581341e-09
3.669839537937137e-03 2.302718166604778e-09
3.767626621611906e-03 2.300593655533690e-09
3.868019354289794e-03 2.298471104558005e-09
3.971087166477074e-03 2.296350511869318e-09
4.076901338735514e-03 2.294231875660895e-09
4.185535050979184e-03 2.292115194127666e-09
4.297063433084918e-03 2.290000465466228e-09
4.411563616851285e-03 2.287887687874843e-09
4.529114789342089e-03 2.285776859553433e-09
4.649798247651272e-03 2.283667978703582e-09
4.773697455127100e-03 2.281561043528533e-09
4.900898099094483e-03 2.279456052233187e-09
5.031488150115367e-03 2.277353003024101e-09
5.165557922828244e-03 2.275251894109486e-09
5.303200138408713e-03 2.273152723699207e-09
5.444509988694462e-03 2.271055490004781e-09
5.589585202018878e-03 2.268960191239373e-09
5.738526110798866e-03 2.266866825617799e-09
5.891435720923665e-03 2.264775391356520e-09
6.048419782992581e-03 2.262685886673645e-09
6.209586865450930e-03 2.260598309788924e-09
6.375048429674783e-03 2.258512658923751e-09
6.544918907056407e-03 2.256428932301162e-09
6.719315778143763e-03 2.254347128145830e-09
6.898359653888773e-03 2.252267244684068e-09
7.082174359060510e-03 2.250189280143825e-09
7.270887017881029e-03 2.248113232754684e-09
7.464628141943088e-03 2.246039100747861e-09
7.663531720470539e-03 2.243966882356208e-09
7.867735312983780e-03 2.241896575814201e-09
8.077380144434418e-03 2.239828179357950e-09
8.292611202874849e-03 2.237761691225190e-09
8.513577339730434e-03 2.235697109655283e-09
8.740431372743497e-03 2.233634432889214e-09
8.973330191660392e-03 2.231573659169591e-09
9.212434866734677e-03 2.229514786740647e-09
9.457910760121604e-03 2.227457813848229e-09
9.709927640240670e-03 2.225402738739807e-09
9.968659799185662e-03 2.223349559664466e-09
1.023428617326311e-02 2.221298274872906e-09
1.050699046674265e-02 2.219248882617443e-09
1.078696127890490e-02 2.217201381152002e-09
1.107439223447461e-02 2.215155768732124e-09
1.136948211752943e-02 2.213112043614953e-09
1.167243500897672e-02 2.211070204059247e-09
1.198346042769374e-02 2.209030248325366e-09
1.230277347542848e-02 2.206992174675280e-09
1.263059498556179e-02 2.204955981372556e-09
1.296715167583320e-02 2.202921666682368e-09
1.331267630513644e-02 2.200889228871489e-09
1.366740783449299e-02 2.198858666208292e-09
1.403159159231473e-02 2.196829976962745e-09
1.440547944407056e-02 2.194803159406416e-09
1.478932996647360e-02 2.192778211812463e-09
1.518340862631013e-02 2.190755132455642e-09
1.558798796403338e-02 2.188733919612298e-09
1.600334778224959e-02 2.186714571560366e-09
1.642977533922637e-02 2.184697086579372e-09
1.686756554755730e-02 2.182681462950426e-09
1.731702117812034e-02 2.180667698956228e-09
1.777845306947068e-02 2.178655792881059e-09
1.825218034281343e-02 2.176645743010783e-09
1.873853062270412e-02 2.174637547632848e-09
1.923784026363046e-02 2.172631205036281e-09
1.975045458263116e-02 2.170626713511687e-09
2.027672809811356e-02 2.168624071351247e-09
2.081702477503459e-02 2.166623276848719e-09
2.137171827661485e-02 2.164624328299437e-09
2.194119222276013e-02 2.162627224000304e-09
2.252584045536849e-02 2.160631962249798e-09
2.312606731070721e-02 2.158638541347962e-09
2.374228789904706e-02 2.156646959596414e-09
2.437492839174818e-02 2.154657215298333e-09
2.502442631599538e-02 2.152669306758466e-09
2.569123085738709e-02 2.150683232283125e-09
2.637580317058730e-02 2.148698990180183e-09
2.707861669825485e-02 2.146716578759073e-09
2.780015749847136e-02 2.144735996330793e-09
2.854092458089342e-02 2.142757241207892e-09
2.930143025186232e-02 2.140780311704483e-09
3.008220046870946e-02 2.138805206136228e-09
3.088377520350247e-02 2.136831922820348e-09
3.170670881648419e-02 2.134860460075613e-09
3.255157043946183e-02 2.132890816222347e-09
3.341894436941251e-02 2.130922989582422e-09
3.430943047257635e-02 2.128956978479258e-09
3.522364459931757e-02 2.126992781237822e-09
3.616221901003962e-02 2.125030396184628e-09
3.712580281244963e-02 2.123069821647733e-09
3.811506241047414e-02 2.121111055956736e-09
3.913068196513651e-02 2.119154097442777e-09
4.017336386771545e-02 2.117198944438535e-09
4.124382922551076e-02 2.115245595278231e-09
4.234281836055347e-02 2.113294048297620e-09
4.347109132160410e-02 2.111344301833991e-09
4.462942840979431e-02 2.109396354226170e-09
4.581863071827421e-02 2.107450203814514e-09
4.703952068623989e-02 2.105505848940912e-09
4.829294266772308e-02 2.103563287948783e-09
4.957976351553705e-02 2.101622519183073e-09
5.090087318078267e-02 2.099683540990256e-09
5.225718532832847e-02 2.097746351718330e-09
5.364963796869154e-02 2.095810949716821e-09
5.507919410675487e-02 2.093877333336773e-09
5.654684240777123e-02 2.091945500930756e-09
5.805359788111303e-02 2.090015450852855e-09
5.960050258224142e-02 2.088087181458677e-09
6.118862633338076e-02 2.086160691105346e-09
6.281906746339536e-02 2.084235978151500e-09
6.449295356738215e-02 2.082313040957293e-09
6.621144228650244e-02 2.080391877884390e-09
6.797572210859429e-02 2.078472487295970e-09
6.978701319011735e-02 2.076554867556720e-09
7.164656819999939e-02 2.074639017032837e-09
7.355567318596885e-02 2.072724934092025e-09
7.551564846397064e-02 2.070812617103493e-09
7.752784953128269e-02 2.068902064437958e-09
7.959366800396228e-02 2.066993274467636e-09
8.171453257927301e-02 2.065086245566246e-09
8.389191002375540e-02 2.063180976109010e-09
8.612730618762705e-02 2.061277464472645e-09
8.842226704621176e-02 2.059375709035369e-09
9.077837976911872e-02 2.057475708176894e-09
9.319727381791219e-02 2.055577460278429e-09
9.568062207302837e-02 2.053680963722675e-09
9.823014199072179e-02 2.051786216893824e-09
1.008475967908384e-01 2.049893218177563e-09
1.035347966762396e-01 2.048001965961063e-09
1.062936000847179e-01 2.046112458632987e-09
1.091259149742729e-01 2.044224694583483e-09
1.120337001426331e-01 2.042338672204185e-09
1.150189665819390e-01 2.040454389888210e-09
1.180837788695237e-01 2.038571846030158e-09
1.212302565957509e-01 2.036691039026111e-09
1.244605758299010e-01 2.034811967273628e-09
1.277769706251159e-01 2.032934629171750e-09
1.311817345634461e-01 2.031059023120993e-09
1.346772223420666e-01 2.029185147523349e-09
1.382658514017589e-01 2.027313000782284e-09
1.419501035987876e-01 2.025442581302738e-09
1.457325269213232e-01 2.023573887491122e-09
1.496157372516043e-01 2.021706917755318e-09
1.536024201750514e-01 2.019841670504675e-09
1.576953328375892e-01 2.017978144150011e-09
1.618973058524580e-01 2.016116337103611e-09
1.662112452578341e-01 2.014256247779222e-09
1.706401345266146e-01 2.012397874592058e-09
1.751870366297532e-01 2.010541215958793e-09
1.798550961545789e-01 2.008686270297562e-09
1.846475414795556e-01 2.006833036027959e-09
1.895676870069952e-01 2.004981511571038e-09
1.946189354552599e-01 2.003131695349308e-09
1.998047802120461e-01 2.001283585786734e-09
2.051288077503721e-01 1.999437181308734e-09
2.105947001089429e-01 1.997592480342182e-09
2.162062374386085e-01 1.995749481315399e-09
2.219673006166733e-01 1.993908182658158e-09
2.278818739308698e-01 1.992068582801683e-09
2.339540478348458e-01 1.990230680178642e-09
2.401880217770792e-01 1.988394473223150e-09
2.465881071051682e-01 1.986559960370768e-09
2.531587300475136e-01 1.984727140058497e-09
2.599044347744486e-01 1.982896010724785e-09
2.668298865409361e-01 1.981066570809517e-09
2.739398749130097e-01 1.979238818754018e-09
2.812393170801819e-01 1.977412753001053e-09
2.887332612561212e-01 1.975588371994820e-09
2.964268901699381e-01 1.973765674180957e-09
3.043255246505053e-01 1.971944658006531e-09
3.124346273062841e-01 1.970125321920047e-09
3.207598063032026e-01 1.968307664371438e-09
3.293068192432033e-01 1.966491683812068e-09
3.380815771461356e-01 1.964677378694729e-09
3.470901485377534e-01 1.962864747473642e-09
3.563387636466385e-01 1.961053788604453e-09
3.658338187129602e-01 1.959244500544234e-09
3.755818804120433e-01 1.957436881751479e-09
3.855896903958075e-01 1.955630930686105e-09
3.958641699552216e-01 1.953826645809450e-09
4.064124248069892e-01 1.952024025584271e-09
4.172417500077875e-01 1.950223068474745e-09
4.283596349994439e-01 1.948423772946463e-09
4.397737687885555e-01 1.946626137466435e-09
4.514920452641172e-01 1.944830160503083e-09
4.635225686568518e-01 1.943035840526242e-09
4.758736591440048e-01 1.941243176007160e-09
4.885538586034860e-01 1.939452165418495e-09
5.015719365213415e-01 1.937662807234314e-09
5.149368960566291e-01 1.935875099930092e-09
5.286579802679083e-01 1.934089041982711e-09
5.427446785056332e-01 1.932304631870457e-09
5.572067329748871e-01 1.930521868073020e-09
5.720541454729791e-01 1.928740749071495e-09
5.872971843065814e-01 1.926961273348375e-09
6.029463913931747e-01 1.925183439387556e-09
6.190125895517206e-01 1.923407245674331e-09
6.355068899876076e-01 1.921632690695390e-09
6.524406999770337e-01 1.919859772938822e-09
6.698257307561573e-01 1.918088490894108e-09
6.876740056204539e-01 1.916318843052124e-09
7.059978682398999e-01 1.914550827905138e-09
7.248099911957153e-01 1.912784443946808e-09
7.441233847445802e-01 1.911019689672185e-09
7.639514058163887e-01 1.909256563577705e-09
7.843077672517492e-01 1.907495064161192e-09
8.052065472856393e-01 1.905735189921857e-09
8.266621992837517e-01 1.903976939360296e-09
8.486895617382879e-01 1.902220310978487e-09
8.713038685300935e-01 1.900465303279790e-09
8.945207594642393e-01 1.898711914768946e-09
9.183562910863440e-01 1.896960143952078e-09
9.428269477870974e-01 1.895209989336682e-09
9.679496532026896e-01 1.893461449431637e-09
9.937417819190042e-01 1.891714522747194e-09
1.020221171487698e+00 1.889969207794978e-09
1.047406134762445e+00 1.888225503087991e-09
1.075315472563917e+00 1.886483407140602e-09
1.103968486682209e+00 1.884742918468555e-09
1.133384993225760e+00 1.883004035588961e-09
1.163585336325937e+00 1.881266757020298e-09
1.194590402206828e+00 1.879531081282416e-09
1.226421633629916e+00 1.877797006896523e-09
1.259101044723660e+00 1.876064532385199e-09
1.292651236208215e+00 1.874333656272382e-09
1.327095411025853e+00 1.872604377083373e-09
1.362457390387854e+00 1.870876693344834e-09
1.398761630248994e+00 1.869150603584787e-09
1.436033238221018e+00 1.867426106332611e-09
1.474297990936773e+00 1.865703200119043e-09
1.513582351877066e+00 1.863981883476172e-09
1.553913489672495e+00 1.862262154937447e-09
1.595319296892985e+00 1.860544013037666e-09
1.637828409337980e+00 1.858827456312979e-09
1.681470225840637e+00 1.857112483300888e-09
1.726274928599750e+00 1.855399092540244e-09
1.772273504053413e+00 1.853687282571246e-09
1.819497764308912e+00 1.851977051935439e-09
1.867980369143603e+00 1.850268399175714e-09
1.917754848592083e+00 1.848561322836308e-09
1.968855626135175e+00 1.846855821462799e-09
2.021318042506830e+00 1.845151893602107e-09
2.075178380135395e+00 1.843449537802493e-09
2.130473888236122e+00 1.841748752613558e-09
2.187242808572340e+00 1.840049536586241e-09
2.245524401903019e+00 1.838351888272817e-09
2.305358975135089e+00 1.836655806226898e-09
2.366787909199229e+00 1.834961289003430e-09
2.429853687668495e+00 1.833268335158690e-09
2.494599926139469e+00 1.831576943250291e-09
2.561071402396328e+00 1.829887111837175e-09
2.629314087378676e+00 1.828198839479611e-09
2.699375176974510e+00 1.826512124739200e-09
2.771303124660413e+00 1.824826966178869e-09
2.845147675011421e+00 1.823143362362870e-09
2.920959898103831e+00 1.821461311856780e-09
2.998792224834684e+00 1.819780813227501e-09
3.078698483182424e+00 1.818101865043254e-09
3.160733935433716e+00 1.816424465873583e-09
3.244955316402235e+00 1.814748614289351e-09
3.331420872665849e+00 1.813074308862742e-09
3.420190402849277e+00 1.811401548167254e-09
3.511325298980203e+00 1.809730330777702e-09
3.604888588947294e+00 1.808060655270218e-09
3.700944980089614e+00 1.806392520222244e-09
3.799560903947464e+00 1.804725924212538e-09
3.900804562205761e+00 1.803060865821167e-09
4.004745973861529e+00 1.801397343629508e-09
4.111457023648279e+00 1.799735356220250e-09
4.221011511750704e+00 1.798074902177385e-09
4.333485204844039e+00 1.796415980086214e-09
4.448955888493510e+00 1.794758588533344e-09
4.567503420949934e+00 1.793102726106684e-09
4.689209788378819e+00 1.791448391395447e-09
4.814159161561096e+00 1.789795582990147e-09
4.942437954104666e+00 1.788144299482599e-09
5.074134882207158e+00 1.786494539465916e-09
5.209341026011028e+00 1.784846301534512e-09
5.348149892593607e+00 1.783199584284093e-09
5.490657480635517e+00 1.781554386311666e-09
5.636962346812366e+00 1.779910706215528e-09
5.787165673955414e+00 1.778268542595272e-09
5.941371341028513e+00 1.776627894051781e-09
6.099685994969666e+00 1.774988759187230e-09
6.262219124446820e+00 1.773351136605085e-09
6.429083135579099e+00 1.771715024910097e-09
6.600393429675584e+00 1.770080422708307e-09
6.776268483045612e+00 1.768447328607042e-09
6.956829928935630e+00 1.766815741214912e-09
7.142202641649485e+00 1.765185659141813e-09
7.332514822910065e+00 1.763557080998921e-09
7.527898090522207e+00 1.761930005398697e-09
7.728487569398135e+00 1.760304430954878e-09
7.934421985008297e+00 1.758680356282482e-09
8.145843759322458e+00 1.757057779997806e-09
8.362899109307111e+00 1.755436700718421e-09
8.585738148047524e+00 1.753817117063176e-09
8.814514988564312e+00 1.752199027652192e-09
9.049387850396236e+00 1.750582431106864e-09
9.290519169023197e+00 1.748967326049861e-09
9.538075708204742e+00 1.747353711105119e-09
9.792228675312087e+00 1.745741584897845e-09
1.005315383973316e+01 1.744130946054516e-09
1.032103165443291e+01 1.742521793202874e-09
1.059604738075245e+01 1.740914124971929e-09
1.087839121653387e+01 1.739307939991955e-09
1.116825842765888e+01 1.737703236894488e-09
1.146584948309255e+01 1.736100014312330e-09
1.177137019352550e+01 1.734498270879541e-09
1.208503185371024e+01 1.732898005231445e-09
1.240705138859034e+01 1.731299216004621e-09
1.273765150332321e+01 1.729701901836909e-09
1.307706083730070e+01 1.728106061367403e-09
1.342551412227348e+01 1.726511693236456e-09
1.378325234468893e+01 1.724918796085672e-09
1.415052291235475e+01 1.723327368557910e-09
1.452757982554338e+01 1.721737409297282e-09
1.491468385265593e+01 1.720148916949150e-09
1.531210271056660e+01 1.718561890160124e-09
1.572011124977282e+01 1.716976327578066e-09
1.613899164447866e+01 1.715392227852083e-09
1.656903358774361e+01 1.713809589632530e-09
1.701053449183096e+01 1.712228411571005e-09
1.746379969389487e+01 1.710648692320352e-09
1.792914266714824e+01 1.709070430534659e-09
1.840688523765715e+01 1.707493624869251e-09
1.889735780691243e+01 1.705918273980699e-09
1.940089958033159e+01 1.704344376526810e-09
1.991785880184955e+01 1.702771931166632e-09
2.044859299476021e+01 1.701200936560446e-09
2.099346920897581e+01 1.699631391369775e-09
2.155286427487446e+01 1.698063294257371e-09
2.212716506391190e+01 1.696496643887224e-09
2.271676875617759e+01 1.694931438924553e-09
2.332208311507989e+01 1.693367678035812e-09
2.394352676935099e+01 1.691805359888684e-09
2.458152950256579e+01 1.690244483152080e-09
2.523653255037544e+01 1.688685046496141e-09
2.590898890566120e+01 1.687127048592233e-09
2.659936363181904e+01 1.685570488112949e-09
2.730813418439269e+01 1.684015363732108e-09
2.803579074127639e+01 1.682461674124749e-09
2.878283654171670e+01 1.680909417967136e-09
2.954978823434688e+01 1.679358593936755e-09
3.033717623449581e+01 1.677809200712310e-09
3.114554509101710e+01 1.676261236973725e-09
3.197545386289315e+01 1.674714701402141e-09
3.282747650587424e+01 1.673169592679919e-09
3.370220226941971e+01 1.671625909490631e-09
3.460023610421683e+01 1.670083650519067e-09
3.552219908055766e+01 1.668542814451229e-09
3.646872881786469e+01 1.667003399974332e-09
3.744047992566097e+01 1.665465405776802e-09
3.843812445629136e+01 1.663928830548274e-09
3.946235236970617e+01 1.662393672979594e-09
4.051387201062999e+01 1.660859931762813e-09
4.159341059844509e+01 1.659327605591192e-09
4.270171473012805e+01 1.657796693159196e-09
4.383955089658843e+01 1.656267193162493e-09
4.500770601276518e+01 1.654739104297958e-09
4.620698796184834e+01 1.653212425263664e-09
4.743822615400225e+01 1.651687154758889e-09
4.870227209997612e+01 1.650163291484109e-09
4.999999999999999e+01 1.648640834140999e-09
